2
9
4
1
3D
0
0
0
0
0
0
0
83
0
0
0
38
0
1
0
3D
2F
D1
40
A6
31
D1
40
69
38
CD
40
3A
37
CD
40
0
0
0
0
2C
1
14
14
0
0
40
40
0
0
40
40
0
0
0
0
3
0
17
A8
5F
3F
14
0
0
E1
44
0
0
E1
44
1
C
0
2
0
5F
45
7A
42
7B
21
68
42
10
0
3
0
9
E4
B1
40
20
57
EC
41
F3
1C
84
42
1B
0
5
0
0
5C
C6
A6
B8
0
0
0
0
0
0
0
62
18
8D
52
1
1
0
CA
66
38
53
C
0
9
0
0
5C
C6
A6
B8
0
0
0
8
0
A
0
75
53
EA
41
0
0
0
0
8C
80
0
0